TITLE = 'Cavity Iterative Residual History'
variables='Iteration''Time(s)''Res1''Res2''Res3'
1 0.00027465820312500005 [1.] [1.] [1.]
10 0.0027465820312500004 [186.49387289] [17.51954104] [5.65652801]
20 0.005493164062500001 [186.74087099] [12.00545246] [4.06547222]
30 0.008239746093750002 [186.86063233] [8.36577626] [6.23213042]
40 0.010986328125000002 [186.95009525] [5.88944517] [4.13879174]
50 0.013732910156250002 [187.26359478] [4.44543308] [3.29973561]
60 0.016479492187500003 [187.38528123] [3.55605188] [2.24585276]
70 0.019226074218750003 [186.76728276] [2.8329335] [1.93517082]
80 0.021972656250000003 [185.72983941] [2.27064466] [1.95853976]
90 0.024719238281250003 [185.3049402] [1.79903899] [2.06571233]
100 0.027465820312500003 [185.32699997] [1.43607781] [1.90847097]
110 0.030212402343750003 [185.6055771] [1.12977249] [1.82607144]
120 0.03295898437500001 [186.04711275] [0.89741366] [1.91885995]
130 0.03570556640625001 [186.5584242] [0.79279407] [2.0341626]
140 0.03845214843750001 [186.19358133] [0.637454] [1.83769524]
150 0.04119873046875001 [185.67055623] [0.65639005] [1.90006701]
160 0.04394531250000001 [185.39272535] [0.64336882] [2.14524737]
170 0.04669189453125001 [185.63808628] [0.66816089] [2.05690503]
180 0.04943847656250001 [186.09513228] [0.70215233] [1.9533273]
190 0.05218505859375001 [186.74985228] [0.72116645] [2.05100817]
200 0.05493164062500001 [187.7304725] [0.82809566] [2.22039492]
210 0.05767822265625001 [187.73194451] [0.83064008] [2.06614945]
220 0.06042480468750001 [187.81875964] [0.87309882] [2.00449766]
230 0.06317138671875001 [187.71815293] [0.93766047] [2.17235787]
240 0.06591796875000001 [188.30252588] [0.91839755] [2.23334578]
250 0.06866455078125001 [189.33773633] [0.93265676] [2.08734468]
260 0.07141113281250001 [190.68260712] [0.90474953] [2.09430486]
270 0.07415771484375001 [192.43835389] [0.90824649] [2.2553449]
280 0.07690429687500001 [193.94835252] [0.91365084] [2.30179688]
290 0.07965087890625001 [195.11765532] [0.88771676] [2.15901796]
300 0.08239746093750001 [196.24539228] [0.90147601] [2.2239728]
310 0.08514404296875001 [197.68680882] [0.88433666] [2.42602193]
320 0.08789062500000001 [199.69905141] [0.87217867] [2.37680871]
330 0.09063720703125001 [201.98150796] [0.86064059] [2.32363817]
340 0.09338378906250001 [204.50148421] [0.844914] [2.45916508]
350 0.09613037109375001 [207.15473648] [0.92846105] [2.68127403]
360 0.09887695312500001 [208.69470203] [0.86271785] [2.51415322]
370 0.10162353515625001 [210.2220305] [0.87179551] [2.52664085]
380 0.10437011718750001 [211.31430197] [0.9166238] [2.70904006]
390 0.10711669921875001 [212.75164723] [0.88499529] [2.79259568]
400 0.10986328125000001 [214.28118896] [0.89207987] [2.71178616]
410 0.11260986328125001 [215.76887934] [0.86563489] [2.77100651]
420 0.11535644531250001 [217.37395518] [0.90156709] [2.96871387]
430 0.11810302734375001 [217.92581664] [0.87025221] [2.94369679]
440 0.12084960937500001 [218.08403866] [0.87356386] [2.8891895]
450 0.12359619140625001 [217.75799281] [0.9069031] [2.9834068]
460 0.12634277343750003 [217.53106792] [0.88103726] [3.13632342]
470 0.12908935546875003 [217.52343989] [0.87995473] [3.05254556]
480 0.13183593750000003 [217.5207608] [0.85860416] [2.99808608]
490 0.13458251953125003 [217.60930707] [0.8471266] [3.08408158]
500 0.13732910156250003 [217.41254729] [0.88774686] [3.14920061]
510 0.14007568359375003 [216.35162611] [0.84305981] [2.91632931]
520 0.14282226562500003 [215.14557741] [0.85241053] [2.83072056]
530 0.14556884765625003 [213.75921025] [0.87142326] [2.87774589]
540 0.14831542968750003 [212.79648355] [0.84211874] [2.73494893]
550 0.15106201171875003 [212.00814631] [0.83817509] [2.47033954]
560 0.15380859375000003 [211.34991775] [0.80381646] [2.3689953]
570 0.15655517578125003 [211.00018344] [0.85183475] [2.42127576]
580 0.15930175781250003 [209.57475814] [0.79824787] [2.17787303]
590 0.16204833984375003 [208.16533852] [0.80091175] [2.05069286]
600 0.16479492187500003 [206.38559706] [0.83204497] [2.18709521]
610 0.16754150390625003 [205.03368151] [0.7851378] [2.37569229]
620 0.17028808593750003 [204.03145288] [0.78097602] [2.36852969]
630 0.17303466796875003 [203.20845895] [0.74300377] [2.4873786]
640 0.17578125000000003 [202.65534599] [0.7296158] [2.75627452]
650 0.17852783203125003 [201.8564161] [0.74426403] [2.94622129]
660 0.18127441406250003 [200.49815325] [0.70527708] [2.91072467]
670 0.18402099609375003 [199.0571318] [0.72221846] [2.99617957]
680 0.18676757812500003 [197.73819221] [0.72343072] [3.15447125]
690 0.18951416015625003 [196.97172542] [0.71542491] [3.09796108]
700 0.19226074218750003 [196.5068776] [0.72892868] [2.96275768]
710 0.19500732421875003 [196.32376176] [0.73114226] [2.92600673]
720 0.19775390625000003 [196.56859395] [0.82951208] [2.94298618]
730 0.20050048828125003 [195.75196461] [0.81785211] [2.66411709]
740 0.20324707031250003 [195.16707401] [0.86991954] [2.44731095]
750 0.20599365234375003 [194.36497216] [0.94676911] [2.39303545]
760 0.20874023437500003 [194.23069051] [0.95034804] [2.28296262]
770 0.21148681640625003 [194.51872034] [0.98772214] [1.96461098]
780 0.21423339843750003 [195.05065262] [0.99172578] [1.79110066]
790 0.21697998046875003 [195.90611714] [1.01975848] [1.83481687]
800 0.21972656250000003 [196.32442437] [1.02999308] [1.73342379]
810 0.22247314453125003 [196.31107443] [1.01648189] [1.40706438]
820 0.22521972656250003 [196.07367528] [1.0217943] [1.37480816]
830 0.22796630859375003 [196.03287433] [0.9793891] [1.54529287]
840 0.23071289062500003 [196.43233005] [0.93372] [1.3204648]
850 0.23345947265625003 [197.01761918] [0.87237187] [1.07625456]
860 0.23620605468750003 [197.80113541] [0.79467233] [1.20298333]
870 0.23895263671875003 [198.69987124] [0.80258157] [1.46516455]
880 0.24169921875000003 [198.60622899] [0.66226422] [1.05656555]
890 0.24444580078125003 [198.54925988] [0.60683127] [0.99073032]
900 0.24719238281250003 [198.30122168] [0.59622296] [1.32737535]
910 0.24993896484375003 [198.61993842] [0.50772245] [1.3880923]
920 0.25268554687500006 [199.23501358] [0.49779577] [1.17335533]
930 0.25543212890625006 [200.01069769] [0.44945539] [1.2493621]
940 0.25817871093750006 [201.07331379] [0.51255629] [1.54393445]
950 0.26092529296875006 [201.351094] [0.48151548] [1.44790962]
960 0.26367187500000006 [201.41714322] [0.4895158] [1.27325741]
970 0.26641845703125006 [201.16022726] [0.54421903] [1.40854044]
980 0.26916503906250006 [201.23490549] [0.48980734] [1.61345776]
990 0.27191162109375006 [201.68041325] [0.49163353] [1.41518028]
1000 0.27465820312500006 [202.27885148] [0.46321344] [1.30035016]
1010 0.27740478515625006 [203.08638253] [0.46141355] [1.48184311]
1020 0.28015136718750006 [203.74729539] [0.54671495] [1.63705397]
1030 0.28289794921875006 [203.64381094] [0.49330352] [1.2809011]
1040 0.28564453125000006 [203.43719147] [0.53042411] [1.23791283]
1050 0.28839111328125006 [203.17644947] [0.56054383] [1.49003872]
1060 0.29113769531250006 [203.40376506] [0.53420445] [1.38400983]
1070 0.29388427734375006 [203.83954761] [0.54120176] [1.08844293]
1080 0.29663085937500006 [204.42324899] [0.5084944] [1.13162032]
1090 0.29937744140625006 [205.2982517] [0.59534685] [1.39470735]
1100 0.30212402343750006 [205.09337913] [0.53119961] [1.06168399]
1110 0.30487060546875006 [204.91112006] [0.54626191] [0.82339811]
1120 0.30761718750000006 [204.3085586] [0.60346123] [1.04792918]
1130 0.31036376953125006 [204.16596818] [0.5425208] [1.18488417]
1140 0.31311035156250006 [204.3251792] [0.54498896] [0.80547194]
1150 0.31585693359375006 [204.61873122] [0.49498644] [0.66693368]
1160 0.31860351562500006 [205.13707037] [0.49466225] [1.00988195]
1170 0.32135009765625006 [205.23399404] [0.5021455] [1.06386857]
1180 0.32409667968750006 [204.79006127] [0.4579553] [0.55472494]
1190 0.32684326171875006 [204.13543207] [0.48706191] [0.64592218]
1200 0.32958984375000006 [203.59033831] [0.45792619] [1.09157569]
1210 0.33233642578125006 [203.47989284] [0.42433445] [0.88971262]
1220 0.33508300781250006 [203.55237544] [0.39418804] [0.56458987]
1230 0.33782958984375006 [203.8097059] [0.338613] [0.84540213]
1240 0.34057617187500006 [204.24784351] [0.48740432] [1.25693754]
1250 0.34332275390625006 [203.63109803] [0.34464917] [0.77331793]
1260 0.34606933593750006 [203.06938554] [0.36591432] [0.65261819]
1270 0.34881591796875006 [202.24433854] [0.44777957] [1.06422712]
1280 0.35156250000000006 [201.93884781] [0.38271859] [1.13634683]
1290 0.35430908203125006 [201.92344451] [0.40535196] [0.78055688]
1300 0.35705566406250006 [202.08221387] [0.3573486] [0.79641488]
1310 0.35980224609375006 [202.53943711] [0.42632266] [1.15781992]
1320 0.36254882812500006 [202.31358745] [0.40665547] [1.0332193]
1330 0.36529541015625006 [201.82753054] [0.41992458] [0.68051659]
1340 0.36804199218750006 [201.06457807] [0.49166969] [0.85092926]
1350 0.37078857421875006 [200.62020471] [0.45020762] [1.16063335]
1360 0.37353515625000006 [200.59846604] [0.45548982] [0.85465999]
1370 0.37628173828125006 [200.77131866] [0.42596134] [0.5849392]
1380 0.37902832031250006 [201.18358197] [0.40500816] [0.89332496]
1390 0.38177490234375006 [201.54539688] [0.49964385] [1.17222566]
1400 0.38452148437500006 [201.09867685] [0.40541389] [0.565483]
1410 0.38726806640625006 [200.61355837] [0.42715406] [0.47225375]
1420 0.39001464843750006 [200.05140594] [0.45773349] [0.98841041]
1430 0.39276123046875006 [200.01376757] [0.39811276] [0.91324212]
1440 0.39550781250000006 [200.23543193] [0.3909942] [0.42972562]
1450 0.39825439453125006 [200.64934499] [0.31890861] [0.5968321]
1460 0.40100097656250006 [201.39790593] [0.41855238] [1.0614114]
1470 0.40374755859375006 [201.16783154] [0.32317963] [0.71376149]
1480 0.40649414062500006 [200.93133603] [0.33969305] [0.34926171]
1490 0.40924072265625006 [200.32960602] [0.42552845] [0.7684013]
1500 0.41198730468750006 [200.19446419] [0.34617984] [1.02860292]
1510 0.41473388671875006 [200.42031398] [0.36408187] [0.62857743]
1520 0.41748046875000006 [200.8192775] [0.31278494] [0.45711107]
1530 0.42022705078125006 [201.4704188] [0.32723579] [0.89922188]
1540 0.42297363281250006 [201.8024455] [0.385784] [1.03598863]
1550 0.42572021484375006 [201.5418323] [0.33956981] [0.46363164]
1560 0.42846679687500006 [201.12476663] [0.39608596] [0.53454674]
1570 0.43121337890625006 [200.78527847] [0.39754754] [1.03347787]
1580 0.43395996093750006 [200.91589106] [0.3700947] [0.84567592]
1590 0.43670654296875006 [201.2519024] [0.35781446] [0.4186626]
1600 0.43945312500000006 [201.77438349] [0.30190288] [0.69811328]
1610 0.44219970703125006 [202.56827393] [0.45319435] [1.13798883]
1620 0.44494628906250006 [202.22224389] [0.31779794] [0.6133078]
1630 0.44769287109375006 [201.97126659] [0.33522551] [0.34620793]
1640 0.45043945312500006 [201.39679084] [0.42266281] [0.86107131]
1650 0.45318603515625006 [201.33452261] [0.33852812] [0.97912787]
1660 0.45593261718750006 [201.56725182] [0.35411191] [0.50957897]
1670 0.45867919921875006 [201.95811579] [0.28441081] [0.46935919]
1680 0.46142578125000006 [202.61706764] [0.33702418] [0.94571796]
1690 0.46417236328125006 [202.68988909] [0.32562098] [0.88383672]
1700 0.46691894531250006 [202.39293301] [0.31682249] [0.34545212]
1710 0.46966552734375006 [201.83698119] [0.39311623] [0.58524544]
1720 0.47241210937500006 [201.51934194] [0.34841204] [1.02334936]
1730 0.47515869140625006 [201.6215229] [0.34428854] [0.72164573]
1740 0.47790527343750006 [201.90375669] [0.31262697] [0.34096236]
1750 0.48065185546875006 [202.39390646] [0.27645995] [0.7513637]
1760 0.48339843750000006 [202.91149614] [0.43047754] [1.13196935]
1770 0.48614501953125006 [202.52008444] [0.29997341] [0.48797619]
1780 0.48889160156250006 [202.11182014] [0.3343508] [0.34598874]
1790 0.49163818359375006 [201.54576371] [0.39970823] [0.93329757]
1800 0.49438476562500006 [201.49108863] [0.33258091] [0.91771085]
1810 0.49713134765625006 [201.69222204] [0.34276674] [0.42207234]
1820 0.49987792968750006 [202.06434774] [0.27058185] [0.54863273]
1830 0.5026245117187501 [202.74434045] [0.37492525] [1.02673274]
1840 0.5053710937500001 [202.54819625] [0.29925443] [0.74953611]
1850 0.5081176757812501 [202.24003549] [0.31844046] [0.32031265]
1860 0.5108642578125001 [201.58787888] [0.40841818] [0.70755653]
1870 0.5136108398437501 [201.3398388] [0.33172608] [1.02001472]
1880 0.5163574218750001 [201.46513111] [0.3451568] [0.62513335]
1890 0.5191040039062501 [201.76159634] [0.29260856] [0.37205324]
1900 0.5218505859375001 [202.29821034] [0.28979865] [0.83698067]
1910 0.5245971679687501 [202.60451891] [0.37544672] [1.04623492]
1920 0.5273437500000001 [202.23784535] [0.30116799] [0.40249076]
1930 0.5300903320312501 [201.75005083] [0.35400984] [0.427345]
1940 0.5328369140625001 [201.28101109] [0.37241254] [0.9891819]
1950 0.5355834960937501 [201.29849796] [0.33189012] [0.83788851]
1960 0.5383300781250001 [201.53547972] [0.32602061] [0.35516515]
1970 0.5410766601562501 [201.95812113] [0.26017023] [0.63272803]
1980 0.5438232421875001 [202.72000684] [0.41574228] [1.09940157]
1990 0.5465698242187501 [202.29982025] [0.28709878] [0.61941656]
2000 0.5493164062500001 [202.01023454] [0.31310393] [0.30276739]
2010 0.5520629882812501 [201.33739005] [0.40967818] [0.81666589]
2020 0.5548095703125001 [201.18714752] [0.32387265] [0.98721536]
2030 0.5575561523437501 [201.35522773] [0.34416915] [0.52779735]
2040 0.5603027343750001 [201.68788211] [0.27770455] [0.4359457]
2050 0.5630493164062501 [202.28721807] [0.3190129] [0.9186164]
2060 0.5657958984375001 [202.3895675] [0.33043009] [0.92347719]
2070 0.5685424804687501 [202.05179746] [0.30919302] [0.35187083]
2080 0.5712890625000001 [201.49142914] [0.3810409] [0.54342181]
2090 0.5740356445312501 [201.12074169] [0.34949963] [1.01870964]
2100 0.5767822265625001 [201.19215738] [0.33670167] [0.75004955]
2110 0.5795288085937501 [201.45523154] [0.31016614] [0.33284515]
2120 0.5822753906250001 [201.92319844] [0.26263043] [0.71942401]
2130 0.5850219726562501 [202.50392696] [0.43426116] [1.13896139]
2140 0.5877685546875001 [202.10282223] [0.28703462] [0.512025]
2150 0.5905151367187501 [201.72521306] [0.31736122] [0.31585994]
2160 0.5932617187500001 [201.13716174] [0.3972012] [0.90434437]
2170 0.5960083007812501 [201.0675113] [0.3217549] [0.93526926]
2180 0.5987548828125001 [201.2703314] [0.33692626] [0.44023409]
2190 0.6015014648437501 [201.64263058] [0.26359888] [0.51325043]
2200 0.6042480468750001 [202.31270664] [0.3539488] [0.99595533]
2210 0.6069946289062501 [202.21059895] [0.29958058] [0.79208194]
2220 0.6097412109375001 [201.90912563] [0.31304426] [0.32044859]
2230 0.6124877929687501 [201.29463722] [0.40095606] [0.6628271]
2240 0.6152343750000001 [201.03155526] [0.33303837] [1.0222688]
2250 0.6179809570312501 [201.16112988] [0.34214378] [0.65675798]
2260 0.6207275390625001 [201.46607361] [0.29635876] [0.35254275]
2270 0.6234741210937501 [202.00115096] [0.28005531] [0.80457668]
2280 0.6262207031250001 [202.40102285] [0.39309569] [1.0802982]
2290 0.6289672851562501 [202.04416897] [0.29656911] [0.42661582]
2300 0.6317138671875001 [201.60418933] [0.34249774] [0.3888709]
2310 0.6344604492187501 [201.12040713] [0.37884674] [0.96998351]
2320 0.6372070312500001 [201.13545591] [0.32719887] [0.8657856]
2330 0.6399536132812501 [201.38266191] [0.32759968] [0.37113318]
2340 0.6427001953125001 [201.80981702] [0.25663961] [0.59893564]
2350 0.6454467773437501 [202.56438931] [0.39580583] [1.07106063]
2360 0.6481933593750001 [202.25162062] [0.28434809] [0.66310293]
2370 0.6509399414062501 [201.99167275] [0.31072637] [0.30408225]
2380 0.6536865234375001 [201.33566794] [0.40722705] [0.7771157]
2390 0.6564331054687501 [201.17439525] [0.32163189] [1.00026059]
2400 0.6591796875000001 [201.35046137] [0.34161458] [0.56069887]
2410 0.6619262695312501 [201.69173995] [0.2794026] [0.40796913]
2420 0.6646728515625001 [202.2887975] [0.30471098] [0.88809092]
2430 0.6674194335937501 [202.48711977] [0.34357068] [0.96972314]
2440 0.6701660156250001 [202.15854438] [0.30493957] [0.36576147]
2450 0.6729125976562501 [201.64231181] [0.370618] [0.49846649]
2460 0.6756591796875001 [201.25342458] [0.35658843] [1.01015813]
